-------------*****------------20180926190444
使用的模型为squeezenet.h5

remote_control : 25.686007738113403

Pomeranian : 24.768608808517456

Persian_cat : 14.22118991613388

lynx : 7.6057277619838715

Chihuahua : 4.85902912914753

执行时间为：0.737499475479126秒-------------*****------------